{
 "cells": [
  {
   "cell_type": "markdown",
   "id": "d4047ced",
   "metadata": {},
   "source": [
    "## Question 5 : Point Cloud Registration (BONUS)"
   ]
  },
  {
   "cell_type": "code",
   "execution_count": 1,
   "id": "acca1fe1",
   "metadata": {},
   "outputs": [
    {
     "name": "stdout",
     "output_type": "stream",
     "text": [
      "Jupyter environment detected. Enabling Open3D WebVisualizer.\n",
      "[Open3D INFO] WebRTC GUI backend enabled.\n",
      "[Open3D INFO] WebRTCWindowSystem: HTTP handshake server disabled.\n"
     ]
    }
   ],
   "source": [
    "import open3d as o3d\n",
    "import numpy as np\n",
    "import pandas as pd\n",
    "import matplotlib.pyplot as plt\n",
    "import os\n",
    "import sys\n",
    "from scipy.stats import special_ortho_group\n",
    "import random\n",
    "import copy"
   ]
  },
  {
   "cell_type": "code",
   "execution_count": 2,
   "id": "285deb9a",
   "metadata": {},
   "outputs": [
    {
     "name": "stdout",
     "output_type": "stream",
     "text": [
      "PointCloud with 22915 points.\n",
      "Number of points: 22915\n"
     ]
    }
   ],
   "source": [
    "pcd = o3d.io.read_point_cloud(\"selected_pcds/pointcloud_0000.pcd\")\n",
    "\n",
    "print(pcd)\n",
    "print(\"Number of points:\", len(pcd.points))\n",
    "\n",
    "o3d.visualization.draw_geometries([pcd], window_name=\"Point Cloud Viewer\")"
   ]
  },
  {
   "cell_type": "markdown",
   "id": "fb719c8b",
   "metadata": {},
   "source": [
    "Part 1"
   ]
  },
  {
   "cell_type": "code",
   "execution_count": 3,
   "id": "9b2dfdee",
   "metadata": {},
   "outputs": [
    {
     "name": "stdout",
     "output_type": "stream",
     "text": [
      "Rotation matrix:\n",
      " [[ 0.3636658   0.13654994  0.92146693]\n",
      " [ 0.20845917  0.95218159 -0.22337189]\n",
      " [-0.90790526  0.27332095  0.31781079]]\n",
      "Translation vector:\n",
      " [ 0.48094417  0.05051196 -0.68295948]\n",
      "Orthogonal check: True\n",
      "Determinant check: True\n",
      "Inverse check: True\n",
      "Initial Transformation matrix:\n",
      " [[ 0.3636658   0.13654994  0.92146693  0.48094417]\n",
      " [ 0.20845917  0.95218159 -0.22337189  0.05051196]\n",
      " [-0.90790526  0.27332095  0.31781079 -0.68295948]\n",
      " [ 0.          0.          0.          1.        ]]\n",
      "Initial alignment\n",
      "RegistrationResult with fitness=2.181977e-03, inlier_rmse=1.449515e-02, and correspondence_set size of 50\n",
      "Access transformation to get result.\n",
      "Initial fitness: 0.002181976871045167\n",
      "Initial inlier RMSE: 0.014495148322534747\n",
      "Apply point-to-point ICP\n",
      "RegistrationResult with fitness=2.443814e-03, inlier_rmse=1.345348e-02, and correspondence_set size of 56\n",
      "Access transformation to get result.\n",
      "Estimated Transformation matrix:\n",
      " [[ 0.34228749  0.1429788   0.92865297  0.46401437]\n",
      " [ 0.21257715  0.95094289 -0.22476338  0.05774616]\n",
      " [-0.91523234  0.27434409  0.29510183 -0.68256516]\n",
      " [ 0.          0.          0.          1.        ]]\n",
      "ICP fitness: 0.002443814095570587\n",
      "ICP inlier RMSE: 0.013453483969184915\n"
     ]
    }
   ],
   "source": [
    "pcd1 = o3d.io.read_point_cloud(\"selected_pcds/pointcloud_0000.pcd\")\n",
    "pcd2 = o3d.io.read_point_cloud(\"selected_pcds/pointcloud_0004.pcd\")\n",
    "\n",
    "rotation_matrix = special_ortho_group.rvs(3)\n",
    "translation_vector = np.random.uniform(-1, 1, size=(3,))\n",
    "random_initial_matrix = np.zeros((4, 4))\n",
    "random_initial_matrix[:3, :3] = rotation_matrix\n",
    "random_initial_matrix[:3, 3] = translation_vector\n",
    "random_initial_matrix[3, 3] = 1\n",
    "\n",
    "print(\"Rotation matrix:\\n\", rotation_matrix)\n",
    "print(\"Translation vector:\\n\", translation_vector)\n",
    "\n",
    "orthogonal_check = np.allclose(np.dot(rotation_matrix.T, rotation_matrix), np.eye(3), atol=1e-6)\n",
    "print(\"Orthogonal check:\", orthogonal_check)\n",
    "\n",
    "det_check = np.allclose(np.linalg.det(rotation_matrix), 1, atol=1e-6)\n",
    "print(\"Determinant check:\", det_check)\n",
    "\n",
    "inverse_check = np.allclose(np.linalg.inv(rotation_matrix), rotation_matrix.T, atol=1e-6)\n",
    "print(\"Inverse check:\", inverse_check)\n",
    "\n",
    "print(\"Initial Transformation matrix:\\n\", random_initial_matrix)\n",
    "\n",
    "threshold = 0.02\n",
    "\n",
    "print(\"Initial alignment\")\n",
    "evaluation = o3d.pipelines.registration.evaluate_registration(\n",
    "    pcd1, pcd2, threshold, random_initial_matrix)\n",
    "print(evaluation)\n",
    "# print(\"Initial transformation matrix:\\n\", evaluation.transformation)\n",
    "print(\"Initial fitness:\", evaluation.fitness)\n",
    "print(\"Initial inlier RMSE:\", evaluation.inlier_rmse)\n",
    "\n",
    "print(\"Apply point-to-point ICP\")\n",
    "reg_p2p = o3d.pipelines.registration.registration_icp(\n",
    "    pcd1, pcd2, threshold, random_initial_matrix,\n",
    "    o3d.pipelines.registration.TransformationEstimationPointToPoint()\n",
    ")\n",
    "print(reg_p2p)\n",
    "print(\"Estimated Transformation matrix:\\n\", reg_p2p.transformation)\n",
    "print(\"ICP fitness:\", reg_p2p.fitness)\n",
    "print(\"ICP inlier RMSE:\", reg_p2p.inlier_rmse)\n",
    "\n",
    "# temp_pcd = pcd1.transform(reg_p2p.transformation)\n",
    "# o3d.visualization.draw_geometries([temp_pcd, pcd2], window_name=\"Transformed Point Cloud\")"
   ]
  },
  {
   "cell_type": "markdown",
   "id": "458bc2e2",
   "metadata": {},
   "source": [
    "Part 2"
   ]
  },
  {
   "cell_type": "code",
   "execution_count": 4,
   "id": "48a515e8",
   "metadata": {},
   "outputs": [
    {
     "name": "stdout",
     "output_type": "stream",
     "text": [
      "RANSAC Transformation Matrix:\n",
      " [[ 9.99999278e-01  1.02867661e-03 -6.20678255e-04 -1.94812243e-02]\n",
      " [-1.02829906e-03  9.99999286e-01  6.08302053e-04 -6.29079324e-03]\n",
      " [ 6.21303558e-04 -6.07663371e-04  9.99999622e-01  3.54773062e-03]\n",
      " [ 0.00000000e+00  0.00000000e+00  0.00000000e+00  1.00000000e+00]]\n",
      "Method: random_orthogonal, Threshold: 0.01\n",
      "Initial fitness: 0.00039275583678813006\n",
      "Initial inlier RMSE: 0.007408786977525732\n",
      "Estimated Transformation matrix:\n",
      " [[ 0.35571708  0.13792228  0.92436075  0.47185413]\n",
      " [ 0.21027979  0.95188025 -0.22294933  0.05173633]\n",
      " [-0.91063042  0.27368127  0.3095978  -0.68832927]\n",
      " [ 0.          0.          0.          1.        ]]\n",
      "ICP fitness: 0.0006545930613135501\n",
      "ICP inlier RMSE: 0.007324074439249573\n",
      "Error: 0.01627868989654761\n",
      "--------------------------------------------------\n",
      "Method: random_orthogonal, Threshold: 0.02\n",
      "Initial fitness: 0.002181976871045167\n",
      "Initial inlier RMSE: 0.014495148322534747\n",
      "Estimated Transformation matrix:\n",
      " [[ 0.34228749  0.1429788   0.92865297  0.46401437]\n",
      " [ 0.21257715  0.95094289 -0.22476338  0.05774616]\n",
      " [-0.91523234  0.27434409  0.29510183 -0.68256516]\n",
      " [ 0.          0.          0.          1.        ]]\n",
      "ICP fitness: 0.002443814095570587\n",
      "ICP inlier RMSE: 0.013453483969184861\n",
      "Error: 0.038470331842115665\n",
      "--------------------------------------------------\n",
      "Method: random_orthogonal, Threshold: 0.05\n",
      "Initial fitness: 0.013659175212742744\n",
      "Initial inlier RMSE: 0.03591845579368743\n",
      "Estimated Transformation matrix:\n",
      " [[ 0.39588454  0.13031404  0.90900698  0.52672749]\n",
      " [ 0.19746284  0.95464363 -0.22285413  0.02438135]\n",
      " [-0.89681874  0.2677196   0.35219647 -0.6595769 ]\n",
      " [ 0.          0.          0.          1.        ]]\n",
      "ICP fitness: 0.01623390792057604\n",
      "ICP inlier RMSE: 0.034273758432567324\n",
      "Error: 0.07760000720591956\n",
      "--------------------------------------------------\n",
      "Method: random_orthogonal, Threshold: 0.1\n",
      "Initial fitness: 0.04525420030547676\n",
      "Initial inlier RMSE: 0.0676634232106141\n",
      "Estimated Transformation matrix:\n",
      " [[ 0.41437792  0.11517976  0.90278711  0.58327952]\n",
      " [ 0.1709915   0.96444145 -0.20153061  0.03567434]\n",
      " [-0.89389756  0.23787876  0.37994849 -0.64166516]\n",
      " [ 0.          0.          0.          1.        ]]\n",
      "ICP fitness: 0.05529129391228453\n",
      "ICP inlier RMSE: 0.06554880197807118\n",
      "Error: 0.1520521962081228\n",
      "--------------------------------------------------\n",
      "Method: random_orthogonal, Threshold: 0.5\n",
      "Initial fitness: 0.32720925158193326\n",
      "Initial inlier RMSE: 0.28393800060978003\n",
      "Estimated Transformation matrix:\n",
      " [[ 0.99982946 -0.0029733   0.01822641  1.12800604]\n",
      " [ 0.00261699  0.99980561  0.01954216 -0.05594678]\n",
      " [-0.01828097 -0.01949113  0.99964289 -0.09416844]\n",
      " [ 0.          0.          0.          1.        ]]\n",
      "ICP fitness: 0.7845516037530003\n",
      "ICP inlier RMSE: 0.21943548481406042\n",
      "Error: 1.860758816624293\n",
      "--------------------------------------------------\n",
      "Method: ransac, Threshold: 0.01\n",
      "Initial fitness: 0.286231725943705\n",
      "Initial inlier RMSE: 0.00737890401547624\n",
      "Estimated Transformation matrix:\n",
      " [[ 9.99999580e-01 -9.17044446e-04 -2.23737815e-06 -2.53665898e-04]\n",
      " [ 9.17044420e-04  9.99999579e-01 -1.15991860e-05 -1.73424867e-03]\n",
      " [ 2.24801418e-06  1.15971294e-05  1.00000000e+00  1.10570157e-05]\n",
      " [ 0.00000000e+00  0.00000000e+00  0.00000000e+00  1.00000000e+00]]\n",
      "ICP fitness: 0.6192013964651975\n",
      "ICP inlier RMSE: 0.005467760604778965\n",
      "Error: 0.02029957664336713\n",
      "--------------------------------------------------\n",
      "Method: ransac, Threshold: 0.02\n",
      "Initial fitness: 0.718263146410648\n",
      "Initial inlier RMSE: 0.012407346073279412\n",
      "Estimated Transformation matrix:\n",
      " [[ 9.99999801e-01 -6.30889078e-04 -1.77470595e-05 -3.28173331e-04]\n",
      " [ 6.30888868e-04  9.99999801e-01 -1.18739284e-05 -1.01166777e-03]\n",
      " [ 1.77545471e-05  1.18627297e-05  1.00000000e+00  1.03744671e-05]\n",
      " [ 0.00000000e+00  0.00000000e+00  0.00000000e+00  1.00000000e+00]]\n",
      "ICP fitness: 0.8872790748418067\n",
      "ICP inlier RMSE: 0.009135533198278404\n",
      "Error: 0.020352511066216484\n",
      "--------------------------------------------------\n",
      "Method: ransac, Threshold: 0.05\n",
      "Initial fitness: 0.9843334060658957\n",
      "Initial inlier RMSE: 0.01790365969909526\n",
      "Estimated Transformation matrix:\n",
      " [[ 9.99999857e-01 -5.34851477e-04 -2.01820531e-05 -1.88472142e-04]\n",
      " [ 5.34851376e-04  9.99999857e-01 -5.04984972e-06 -6.48071593e-04]\n",
      " [ 2.01847511e-05  5.03905460e-06  1.00000000e+00  5.97793291e-06]\n",
      " [ 0.00000000e+00  0.00000000e+00  0.00000000e+00  1.00000000e+00]]\n",
      "ICP fitness: 0.9861662666375737\n",
      "ICP inlier RMSE: 0.01246747390652785\n",
      "Error: 0.02056589918225969\n",
      "--------------------------------------------------\n",
      "Method: ransac, Threshold: 0.1\n",
      "Initial fitness: 0.9976871045166921\n",
      "Initial inlier RMSE: 0.019399510695682836\n",
      "Estimated Transformation matrix:\n",
      " [[ 9.99999836e-01 -5.73080158e-04 -2.00130464e-05 -1.87520302e-04]\n",
      " [ 5.73080070e-04  9.99999836e-01 -4.39334343e-06 -8.80978466e-04]\n",
      " [ 2.00155609e-05  4.38187362e-06  1.00000000e+00  1.74919951e-05]\n",
      " [ 0.00000000e+00  0.00000000e+00  0.00000000e+00  1.00000000e+00]]\n",
      "ICP fitness: 0.9977743835915339\n",
      "ICP inlier RMSE: 0.014415576866171472\n",
      "Error: 0.020508000276726928\n",
      "--------------------------------------------------\n",
      "Method: ransac, Threshold: 0.5\n",
      "Initial fitness: 0.9999563604625791\n",
      "Initial inlier RMSE: 0.02075417889177747\n",
      "Estimated Transformation matrix:\n",
      " [[ 9.99999824e-01 -5.93429789e-04 -1.29277332e-05 -1.68140615e-04]\n",
      " [ 5.93429694e-04  9.99999824e-01 -7.36010765e-06 -1.01784889e-03]\n",
      " [ 1.29320987e-05  7.35243465e-06  1.00000000e+00  3.39748522e-05]\n",
      " [ 0.00000000e+00  0.00000000e+00  0.00000000e+00  1.00000000e+00]]\n",
      "ICP fitness: 0.9999563604625791\n",
      "ICP inlier RMSE: 0.016135831946576723\n",
      "Error: 0.02049154989901167\n",
      "--------------------------------------------------\n",
      "              Method  Threshold  Initial Fitness  Initial Inlier RMSE  \\\n",
      "0  random_orthogonal       0.01         0.000393             0.007409   \n",
      "1  random_orthogonal       0.02         0.002182             0.014495   \n",
      "2  random_orthogonal       0.05         0.013659             0.035918   \n",
      "3  random_orthogonal       0.10         0.045254             0.067663   \n",
      "4  random_orthogonal       0.50         0.327209             0.283938   \n",
      "5             ransac       0.01         0.286232             0.007379   \n",
      "6             ransac       0.02         0.718263             0.012407   \n",
      "7             ransac       0.05         0.984333             0.017904   \n",
      "8             ransac       0.10         0.997687             0.019400   \n",
      "9             ransac       0.50         0.999956             0.020754   \n",
      "\n",
      "   Final Fitness  Final Inlier RMSE     Error  \n",
      "0       0.000655           0.007324  0.016279  \n",
      "1       0.002444           0.013453  0.038470  \n",
      "2       0.016234           0.034274  0.077600  \n",
      "3       0.055291           0.065549  0.152052  \n",
      "4       0.784552           0.219435  1.860759  \n",
      "5       0.619201           0.005468  0.020300  \n",
      "6       0.887279           0.009136  0.020353  \n",
      "7       0.986166           0.012467  0.020566  \n",
      "8       0.997774           0.014416  0.020508  \n",
      "9       0.999956           0.016136  0.020492  \n"
     ]
    }
   ],
   "source": [
    "voxel_size = 0.05\n",
    "\n",
    "pcd1_down = pcd1.voxel_down_sample(voxel_size)\n",
    "pcd2_down = pcd2.voxel_down_sample(voxel_size)\n",
    "\n",
    "pcd1_down.estimate_normals(search_param=o3d.geometry.KDTreeSearchParamHybrid(radius=voxel_size * 2, max_nn=30))\n",
    "pcd2_down.estimate_normals(search_param=o3d.geometry.KDTreeSearchParamHybrid(radius=voxel_size * 2, max_nn=30))\n",
    "\n",
    "fpfh1 = o3d.pipelines.registration.compute_fpfh_feature(pcd1_down,\n",
    "    o3d.geometry.KDTreeSearchParamHybrid(radius=voxel_size * 5, max_nn=100)\n",
    ")\n",
    "fpfh2 = o3d.pipelines.registration.compute_fpfh_feature(pcd2_down,\n",
    "    o3d.geometry.KDTreeSearchParamHybrid(radius=voxel_size * 5, max_nn=100)\n",
    ")\n",
    "\n",
    "distance_threshold = voxel_size * 1.5\n",
    "\n",
    "result_ransac = o3d.pipelines.registration.registration_ransac_based_on_feature_matching(\n",
    "    pcd1_down, pcd2_down, fpfh1, fpfh2, True,\n",
    "    distance_threshold,\n",
    "    o3d.pipelines.registration.TransformationEstimationPointToPoint(False),\n",
    "    3, [\n",
    "        o3d.pipelines.registration.CorrespondenceCheckerBasedOnEdgeLength(0.9),\n",
    "        o3d.pipelines.registration.CorrespondenceCheckerBasedOnDistance(distance_threshold)\n",
    "    ], o3d.pipelines.registration.RANSACConvergenceCriteria(100000, 0.999)\n",
    ")\n",
    "\n",
    "print(\"RANSAC Transformation Matrix:\\n\", result_ransac.transformation)\n",
    "\n",
    "thresholds = [0.01, 0.02, 0.05, 0.1, 0.5]\n",
    "initial_guess_methods = [\"random_orthogonal\", \"ransac\"]\n",
    "results_table = []\n",
    "\n",
    "for guess_method in initial_guess_methods:\n",
    "    for threshold in thresholds:\n",
    "        if guess_method == \"random_orthogonal\":\n",
    "            initial_guess = random_initial_matrix\n",
    "        elif guess_method == \"ransac\":\n",
    "            initial_guess = result_ransac.transformation\n",
    "\n",
    "        # initial alignment\n",
    "        evaluation = o3d.pipelines.registration.evaluate_registration(\n",
    "            pcd1, pcd2, threshold, initial_guess)\n",
    "        print(f\"Method: {guess_method}, Threshold: {threshold}\")\n",
    "        print(\"Initial fitness:\", evaluation.fitness)\n",
    "        print(\"Initial inlier RMSE:\", evaluation.inlier_rmse)\n",
    "                \n",
    "        # apply ICP with the initial guess\n",
    "        reg_p2p = o3d.pipelines.registration.registration_icp(\n",
    "            pcd1, pcd2, threshold, initial_guess,\n",
    "            o3d.pipelines.registration.TransformationEstimationPointToPoint()\n",
    "        )\n",
    "        print(\"Estimated Transformation matrix:\\n\", reg_p2p.transformation)\n",
    "        print(\"ICP fitness:\", reg_p2p.fitness)\n",
    "        print(\"ICP inlier RMSE:\", reg_p2p.inlier_rmse)\n",
    "\n",
    "        error = np.linalg.norm(reg_p2p.transformation - initial_guess)\n",
    "        print(\"Error:\", error)\n",
    "        print(\"-\" * 50)\n",
    "\n",
    "        results_table.append({\n",
    "            \"Method\": guess_method,\n",
    "            \"Threshold\": threshold,\n",
    "            \"Initial Fitness\": round(evaluation.fitness, 6),\n",
    "            \"Initial Inlier RMSE\": round(evaluation.inlier_rmse, 6),\n",
    "            \"Final Fitness\": round(reg_p2p.fitness, 6),\n",
    "            \"Final Inlier RMSE\": round(reg_p2p.inlier_rmse, 6),\n",
    "            \"Initial Transformation Matrix\": np.round(initial_guess.flatten(), 6),\n",
    "            \"Final Transformation Matrix\": np.round(reg_p2p.transformation.flatten(), 6),\n",
    "            \"Error\": round(error, 6)\n",
    "        })\n",
    "\n",
    "results_df = pd.DataFrame(results_table)\n",
    "results_df_temp = results_df.copy()\n",
    "results_df_temp = results_df_temp.drop(columns=[\"Initial Transformation Matrix\", \"Final Transformation Matrix\"])\n",
    "print(results_df_temp)"
   ]
  },
  {
   "cell_type": "markdown",
   "id": "72fd97c4",
   "metadata": {},
   "source": [
    "Part 3"
   ]
  },
  {
   "cell_type": "code",
   "execution_count": null,
   "id": "6fc3c7c9",
   "metadata": {},
   "outputs": [
    {
     "name": "stdout",
     "output_type": "stream",
     "text": [
      "Best Threshold: 0.5\n",
      "Best T-matrix:\n",
      " [[ 1.000e+00 -5.930e-04 -1.300e-05 -1.680e-04]\n",
      " [ 5.930e-04  1.000e+00 -7.000e-06 -1.018e-03]\n",
      " [ 1.300e-05  7.000e-06  1.000e+00  3.400e-05]\n",
      " [ 0.000e+00  0.000e+00  0.000e+00  1.000e+00]]\n"
     ]
    }
   ],
   "source": [
    "# best result - ransac, 0.5\n",
    "\n",
    "best_result = results_df.loc[results_df[\"Method\"] == \"ransac\"].loc[results_df[\"Threshold\"] == 0.5]\n",
    "# print(best_result)\n",
    "\n",
    "best_threshold = best_result[\"Threshold\"].values[0]\n",
    "print(\"Best Threshold:\", best_threshold)\n",
    "best_transformation_matrix = np.array(best_result[\"Final Transformation Matrix\"].values[0]).reshape(4, 4)\n",
    "print(\"Best T-matrix:\\n\", best_transformation_matrix)\n",
    "\n",
    "temp_pcd1 = copy.deepcopy(pcd1)\n",
    "temp_pcd2 = copy.deepcopy(pcd2)\n",
    "temp_pcd1.paint_uniform_color([1, 0.706, 0])\n",
    "temp_pcd2.paint_uniform_color([0, 0.651, 0.929])\n",
    "\n",
    "temp_pcd1.transform(best_transformation_matrix)\n",
    "o3d.visualization.draw_geometries([temp_pcd1, temp_pcd2],\n",
    "                                    zoom=0.4459,\n",
    "                                    front=[0.9288, -0.2951, -0.2242],\n",
    "                                    lookat=[1.6784, 2.0612, 1.4451],\n",
    "                                    up=[-0.3402, -0.9189, -0.1996])"
   ]
  },
  {
   "cell_type": "markdown",
   "id": "49e00f67",
   "metadata": {},
   "source": [
    "Part 4"
   ]
  },
  {
   "cell_type": "code",
   "execution_count": null,
   "id": "115e87b3",
   "metadata": {},
   "outputs": [
    {
     "data": {
